{
  "camera_model": "PINHOLE",
  "fl_x": 857.8027682038235,
  "fl_y": 857.8027682038235,
  "cx": 400,
  "cy": 400,
  "w": 800,
  "h": 800,
  "k1": 0,
  "k2": 0,
  "p1": 0,
  "p2": 0,
  "aabb_scale": 4,
  "frames": [
    {
      "file_path": "./images/frame_0000.png",
      "transform_matrix": [
        [
          0,
          -0.3511234415883917,
          0.9363291775690445,
          4
        ],
        [
          0,
          0.9363291775690445,
          0.3511234415883917,
          1.5
        ],
        [
          1,
          0,
          0,
          0
        ],
        [
          0,
          0,
          0,
          1
        ]
      ],
      "sharpness": 1,
      "time": 0
    },
    {
      "file_path": "./images/frame_0001.png",
      "transform_matrix": [
        [
          -0.06279051952931337,
          -0.35043057968293784,
          0.9344815458211677,
          3.9921069137130862
        ],
        [
          0,
          0.9363291775690444,
          0.3511234415883917,
          1.5
        ],
        [
          0.9980267284282714,
          -0.022047223316255634,
          0.058792595510015026,
          0.2511620781172535
        ],
        [
          0,
          0,
          0,
          1
        ]
      ],
      "sharpness": 1,
      "time": 0.01
    },
    {
      "file_path": "./images/frame_0002.png",
      "transform_matrix": [
        [
          -0.12533323356430426,
          -0.34835472837597875,
          0.9289459423359434,
          3.9684588052579115
        ],
        [
          0,
          0.9363291775690447,
          0.3511234415883917,
          1.5
        ],
        [
          0.9921147013144779,
          -0.04400743631450024,
          0.11735316350533398,
          0.501332934257217
        ],
        [
          0,
          0,
          0,
          1
        ]
      ],
      "sharpness": 1,
      "time": 0.02
    },
    {
      "file_path": "./images/frame_0003.png",
      "transform_matrix": [
        [
          -0.1873813145857246,
          -0.34490408010425655,
          0.9197442136113508,
          3.929149002914755
        ],
        [
          0,
          0.9363291775690445,
          0.35112344158839165,
          1.5
        ],
        [
          0.9822872507286887,
          -0.06579397206669671,
          0.1754505921778579,
          0.7495252583428984
        ],
        [
          0,
          0,
          0,
          1
        ]
      ],
      "sharpness": 1,
      "time": 0.03
    },
    {
      "file_path": "./images/frame_0004.png",
      "transform_matrix": [
        [
          -0.2486898871648548,
          -0.3400922530000487,
          0.9069126746667966,
          3.8743326445145243
        ],
        [
          0,
          0.9363291775690445,
          0.3511234415883917,
          1.5
        ],
        [
          0.9685831611286311,
          -0.08732084906955262,
          0.232855597518807,
          0.9947595486594192
        ],
        [
          0,
          0,
          0,
          1
        ]
      ],
      "sharpness": 1,
      "time": 0.04
    },
    {
      "file_path": "./images/frame_0005.png",
      "transform_matrix": [
        [
          -0.30901699437494745,
          -0.3339382371466207,
          0.8905019657243217,
          3.804226065180614
        ],
        [
          0,
          0.9363291775690445,
          0.3511234415883917,
          1.5
        ],
        [
          0.9510565162951536,
          -0.10850311057423223,
          0.28934162819795256,
          1.2360679774997896
        ],
        [
          0,
          0,
          0,
          1
        ]
      ],
      "sharpness": 1,
      "time": 0.05
    },
    {
      "file_path": "./images/frame_0006.png",
      "transform_matrix": [
        [
          -0.3681245526846779,
          -0.3264663196330435,
          0.8705768523547829,
          3.719105943553006
        ],
        [
          0,
          0.9363291775690445,
          0.3511234415883917,
          1.5
        ],
        [
          0.9297764858882513,
          -0.12925715987183134,
          0.3446857596582169,
          1.4724982107387117
        ],
        [
          0,
          0,
          0,
          1
        ]
      ],
      "sharpness": 1,
      "time": 0.06
    },
    {
      "file_path": "./images/frame_0007.png",
      "transform_matrix": [
        [
          -0.4257792915650727,
          -0.317705988704149,
          0.8472159698777307,
          3.619308209864078
        ],
        [
          0,
          0.9363291775690445,
          0.3511234415883917,
          1.5
        ],
        [
          0.9048270524660195,
          -0.1495010902113956,
          0.398669573897055,
          1.7031171662602909
        ],
        [
          0,
          0,
          0,
          1
        ]
      ],
      "sharpness": 1,
      "time": 0.07
    },
    {
      "file_path": "./images/frame_0008.png",
      "transform_matrix": [
        [
          -0.48175367410171527,
          -0.307691817383899,
          0.8205115130237307,
          3.5052267201754543
        ],
        [
          0,
          0.9363291775690445,
          0.3511234415883917,
          1.5
        ],
        [
          0.8763066800438636,
          -0.16915500804844671,
          0.4510800214625246,
          1.9270146964068613
        ],
        [
          0,
          0,
          0,
          1
        ]
      ],
      "sharpness": 1,
      "time": 0.08
    },
    {
      "file_path": "./images/frame_0009.png",
      "transform_matrix": [
        [
          -0.5358267949789965,
          -0.2964633270314547,
          0.7905688720838794,
          3.3773117020080603
        ],
        [
          0,
          0.9363291775690447,
          0.3511234415883917,
          1.5
        ],
        [
          0.8443279255020151,
          -0.18814134834830284,
          0.501710262262141,
          2.1433071799159866
        ],
        [
          0,
          0,
          0,
          1
        ]
      ],
      "sharpness": 1,
      "time": 0.09
    },
    {
      "file_path": "./images/frame_0010.png",
      "transform_matrix": [
        [
          -0.5877852522924731,
          -0.28406483136842803,
          0.7575062169824749,
          3.23606797749979
        ],
        [
          0,
          0.9363291775690445,
          0.3511234415883917,
          1.5
        ],
        [
          0.8090169943749473,
          -0.20638518069983428,
          0.5503604818662248,
          2.3511410091698925
        ],
        [
          0,
          0,
          0,
          1
        ]
      ],
      "sharpness": 1,
      "time": 0.1
    },
    {
      "file_path": "./images/frame_0011.png",
      "transform_matrix": [
        [
          -0.6374239897486896,
          -0.2705452615928672,
          0.7214540309143124,
          3.082052971103157
        ],
        [
          0,
          0.9363291775690445,
          0.3511234415883917,
          1.5
        ],
        [
          0.7705132427757894,
          -0.2238145050315636,
          0.5968386800841696,
          2.5496959589947585
        ],
        [
          0,
          0,
          0,
          1
        ]
      ],
      "sharpness": 1,
      "time": 0.11
    },
    {
      "file_path": "./images/frame_0012.png",
      "transform_matrix": [
        [
          -0.6845471059286885,
          -0.25595797327017206,
          0.6825545953871256,
          2.915874509685646
        ],
        [
          0,
          0.9363291775690445,
          0.3511234415883917,
          1.5
        ],
        [
          0.7289686274214116,
          -0.24036053576305444,
          0.6409614287014787,
          2.7381884237147545
        ],
        [
          0,
          0,
          0,
          1
        ]
      ],
      "sharpness": 1,
      "time": 0.12
    },
    {
      "file_path": "./images/frame_0013.png",
      "transform_matrix": [
        [
          -0.7289686274214116,
          -0.24036053576305444,
          0.6409614287014787,
          2.7381884237147545
        ],
        [
          0,
          0.9363291775690445,
          0.3511234415883917,
          1.5
        ],
        [
          0.6845471059286885,
          -0.25595797327017206,
          0.6825545953871256,
          2.915874509685646
        ],
        [
          0,
          0,
          0,
          1
        ]
      ],
      "sharpness": 1,
      "time": 0.13
    },
    {
      "file_path": "./images/frame_0014.png",
      "transform_matrix": [
        [
          -0.7705132427757894,
          -0.2238145050315636,
          0.5968386800841696,
          2.5496959589947585
        ],
        [
          0,
          0.9363291775690445,
          0.3511234415883917,
          1.5
        ],
        [
          0.6374239897486896,
          -0.2705452615928672,
          0.7214540309143124,
          3.082052971103157
        ],
        [
          0,
          0,
          0,
          1
        ]
      ],
      "sharpness": 1,
      "time": 0.14
    },
    {
      "file_path": "./images/frame_0015.png",
      "transform_matrix": [
        [
          -0.8090169943749473,
          -0.20638518069983428,
          0.5503604818662248,
          2.3511410091698925
        ],
        [
          0,
          0.9363291775690445,
          0.3511234415883917,
          1.5
        ],
        [
          0.5877852522924731,
          -0.28406483136842803,
          0.7575062169824749,
          3.23606797749979
        ],
        [
          0,
          0,
          0,
          1
        ]
      ],
      "sharpness": 1,
      "time": 0.15
    },
    {
      "file_path": "./images/frame_0016.png",
      "transform_matrix": [
        [
          -0.8443279255020151,
          -0.1881413483483028,
          0.5017102622621409,
          2.143307179915986
        ],
        [
          0,
          0.9363291775690445,
          0.3511234415883917,
          1.5
        ],
        [
          0.5358267949789964,
          -0.2964633270314547,
          0.7905688720838794,
          3.3773117020080603
        ],
        [
          0,
          0,
          0,
          1
        ]
      ],
      "sharpness": 1,
      "time": 0.16
    },
    {
      "file_path": "./images/frame_0017.png",
      "transform_matrix": [
        [
          -0.8763066800438637,
          -0.1691550080484467,
          0.4510800214625245,
          1.9270146964068606
        ],
        [
          0,
          0.9363291775690448,
          0.3511234415883917,
          1.5
        ],
        [
          0.48175367410171516,
          -0.30769181738389906,
          0.8205115130237308,
          3.505226720175455
        ],
        [
          0,
          0,
          0,
          1
        ]
      ],
      "sharpness": 1,
      "time": 0.17
    },
    {
      "file_path": "./images/frame_0018.png",
      "transform_matrix": [
        [
          -0.9048270524660195,
          -0.14950109021139557,
          0.39866957389705493,
          1.7031171662602906
        ],
        [
          0,
          0.9363291775690445,
          0.3511234415883917,
          1.5
        ],
        [
          0.4257792915650726,
          -0.317705988704149,
          0.8472159698777308,
          3.6193082098640783
        ],
        [
          0,
          0,
          0,
          1
        ]
      ],
      "sharpness": 1,
      "time": 0.18
    },
    {
      "file_path": "./images/frame_0019.png",
      "transform_matrix": [
        [
          -0.9297764858882513,
          -0.12925715987183142,
          0.3446857596582171,
          1.4724982107387123
        ],
        [
          0,
          0.9363291775690445,
          0.3511234415883917,
          1.5
        ],
        [
          0.36812455268467814,
          -0.3264663196330435,
          0.8705768523547828,
          3.7191059435530054
        ],
        [
          0,
          0,
          0,
          1
        ]
      ],
      "sharpness": 1,
      "time": 0.19
    },
    {
      "file_path": "./images/frame_0020.png",
      "transform_matrix": [
        [
          -0.9510565162951536,
          -0.10850311057423224,
          0.2893416281979526,
          1.2360679774997898
        ],
        [
          0,
          0.9363291775690445,
          0.3511234415883917,
          1.5
        ],
        [
          0.3090169943749475,
          -0.3339382371466207,
          0.8905019657243217,
          3.804226065180614
        ],
        [
          0,
          0,
          0,
          1
        ]
      ],
      "sharpness": 1,
      "time": 0.2
    },
    {
      "file_path": "./images/frame_0021.png",
      "transform_matrix": [
        [
          -0.9685831611286311,
          -0.08732084906955266,
          0.23285559751880713,
          0.9947595486594198
        ],
        [
          0,
          0.9363291775690445,
          0.3511234415883917,
          1.5
        ],
        [
          0.24868988716485493,
          -0.3400922530000487,
          0.9069126746667966,
          3.8743326445145243
        ],
        [
          0,
          0,
          0,
          1
        ]
      ],
      "sharpness": 1,
      "time": 0.21
    },
    {
      "file_path": "./images/frame_0022.png",
      "transform_matrix": [
        [
          -0.9822872507286886,
          -0.06579397206669677,
          0.17545059217785808,
          0.749525258342899
        ],
        [
          0,
          0.9363291775690445,
          0.3511234415883917,
          1.5
        ],
        [
          0.18738131458572474,
          -0.34490408010425655,
          0.919744213611351,
          3.9291490029147544
        ],
        [
          0,
          0,
          0,
          1
        ]
      ],
      "sharpness": 1,
      "time": 0.22
    },
    {
      "file_path": "./images/frame_0023.png",
      "transform_matrix": [
        [
          -0.9921147013144779,
          -0.04400743631450024,
          0.11735316350533398,
          0.501332934257217
        ],
        [
          0,
          0.9363291775690447,
          0.3511234415883917,
          1.5
        ],
        [
          0.12533323356430426,
          -0.34835472837597875,
          0.9289459423359434,
          3.9684588052579115
        ],
        [
          0,
          0,
          0,
          1
        ]
      ],
      "sharpness": 1,
      "time": 0.23
    },
    {
      "file_path": "./images/frame_0024.png",
      "transform_matrix": [
        [
          -0.9980267284282714,
          -0.022047223316255686,
          0.058792595510015165,
          0.2511620781172541
        ],
        [
          0,
          0.9363291775690445,
          0.3511234415883917,
          1.5
        ],
        [
          0.06279051952931353,
          -0.35043057968293784,
          0.9344815458211677,
          3.9921069137130862
        ],
        [
          0,
          0,
          0,
          1
        ]
      ],
      "sharpness": 1,
      "time": 0.24
    },
    {
      "file_path": "./images/frame_0025.png",
      "transform_matrix": [
        [
          -1,
          -2.1500109942341327e-17,
          5.733362651291021e-17,
          2.4492935982947064e-16
        ],
        [
          0,
          0.9363291775690445,
          0.3511234415883917,
          1.5
        ],
        [
          6.123233995736766e-17,
          -0.3511234415883917,
          0.9363291775690445,
          4
        ],
        [
          0,
          0,
          0,
          1
        ]
      ],
      "sharpness": 1,
      "time": 0.25
    },
    {
      "file_path": "./images/frame_0026.png",
      "transform_matrix": [
        [
          -0.9980267284282714,
          0.022047223316255644,
          -0.058792595510015054,
          -0.2511620781172536
        ],
        [
          0,
          0.9363291775690444,
          0.3511234415883917,
          1.5
        ],
        [
          -0.0627905195293134,
          -0.35043057968293784,
          0.9344815458211677,
          3.9921069137130862
        ],
        [
          0,
          0,
          0,
          1
        ]
      ],
      "sharpness": 1,
      "time": 0.26
    },
    {
      "file_path": "./images/frame_0027.png",
      "transform_matrix": [
        [
          -0.9921147013144779,
          0.04400743631450028,
          -0.11735316350533409,
          -0.5013329342572175
        ],
        [
          0,
          0.9363291775690447,
          0.3511234415883917,
          1.5
        ],
        [
          -0.12533323356430437,
          -0.34835472837597875,
          0.9289459423359433,
          3.968458805257911
        ],
        [
          0,
          0,
          0,
          1
        ]
      ],
      "sharpness": 1,
      "time": 0.27
    },
    {
      "file_path": "./images/frame_0028.png",
      "transform_matrix": [
        [
          -0.9822872507286886,
          0.0657939720666968,
          -0.17545059217785813,
          -0.7495252583428993
        ],
        [
          0,
          0.9363291775690445,
          0.3511234415883917,
          1.5
        ],
        [
          -0.1873813145857248,
          -0.34490408010425655,
          0.919744213611351,
          3.9291490029147544
        ],
        [
          0,
          0,
          0,
          1
        ]
      ],
      "sharpness": 1,
      "time": 0.28
    },
    {
      "file_path": "./images/frame_0029.png",
      "transform_matrix": [
        [
          -0.9685831611286311,
          0.08732084906955255,
          -0.23285559751880683,
          -0.9947595486594185
        ],
        [
          0,
          0.9363291775690444,
          0.3511234415883917,
          1.5
        ],
        [
          -0.2486898871648546,
          -0.3400922530000487,
          0.9069126746667966,
          3.8743326445145247
        ],
        [
          0,
          0,
          0,
          1
        ]
      ],
      "sharpness": 1,
      "time": 0.29
    },
    {
      "file_path": "./images/frame_0030.png",
      "transform_matrix": [
        [
          -0.9510565162951535,
          0.10850311057423218,
          -0.2893416281979525,
          -1.2360679774997894
        ],
        [
          0,
          0.9363291775690445,
          0.3511234415883917,
          1.5
        ],
        [
          -0.3090169943749473,
          -0.33393823714662063,
          0.8905019657243218,
          3.8042260651806146
        ],
        [
          0,
          0,
          0,
          1
        ]
      ],
      "sharpness": 1,
      "time": 0.3
    },
    {
      "file_path": "./images/frame_0031.png",
      "transform_matrix": [
        [
          -0.9297764858882513,
          0.12925715987183134,
          -0.34468575965821696,
          -1.472498210738712
        ],
        [
          0,
          0.9363291775690444,
          0.3511234415883917,
          1.5
        ],
        [
          -0.368124552684678,
          -0.3264663196330435,
          0.8705768523547828,
          3.7191059435530054
        ],
        [
          0,
          0,
          0,
          1
        ]
      ],
      "sharpness": 1,
      "time": 0.31
    },
    {
      "file_path": "./images/frame_0032.png",
      "transform_matrix": [
        [
          -0.9048270524660195,
          0.1495010902113956,
          -0.398669573897055,
          -1.7031171662602909
        ],
        [
          0,
          0.9363291775690445,
          0.3511234415883917,
          1.5
        ],
        [
          -0.4257792915650727,
          -0.317705988704149,
          0.8472159698777307,
          3.619308209864078
        ],
        [
          0,
          0,
          0,
          1
        ]
      ],
      "sharpness": 1,
      "time": 0.32
    },
    {
      "file_path": "./images/frame_0033.png",
      "transform_matrix": [
        [
          -0.8763066800438635,
          0.16915500804844674,
          -0.45108002146252474,
          -1.9270146964068617
        ],
        [
          0,
          0.9363291775690445,
          0.3511234415883917,
          1.5
        ],
        [
          -0.4817536741017154,
          -0.30769181738389895,
          0.8205115130237306,
          3.505226720175454
        ],
        [
          0,
          0,
          0,
          1
        ]
      ],
      "sharpness": 1,
      "time": 0.33
    },
    {
      "file_path": "./images/frame_0034.png",
      "transform_matrix": [
        [
          -0.8443279255020149,
          0.1881413483483029,
          -0.5017102622621412,
          -2.1433071799159875
        ],
        [
          0,
          0.9363291775690445,
          0.3511234415883917,
          1.5
        ],
        [
          -0.5358267949789968,
          -0.29646332703145467,
          0.7905688720838793,
          3.37731170200806
        ],
        [
          0,
          0,
          0,
          1
        ]
      ],
      "sharpness": 1,
      "time": 0.34
    },
    {
      "file_path": "./images/frame_0035.png",
      "transform_matrix": [
        [
          -0.8090169943749475,
          0.20638518069983425,
          -0.5503604818662247,
          -2.351141009169892
        ],
        [
          0,
          0.9363291775690445,
          0.3511234415883917,
          1.5
        ],
        [
          -0.587785252292473,
          -0.2840648313684281,
          0.7575062169824749,
          3.23606797749979
        ],
        [
          0,
          0,
          0,
          1
        ]
      ],
      "sharpness": 1,
      "time": 0.35
    },
    {
      "file_path": "./images/frame_0036.png",
      "transform_matrix": [
        [
          -0.7705132427757893,
          0.2238145050315636,
          -0.5968386800841697,
          -2.549695958994759
        ],
        [
          0,
          0.9363291775690447,
          0.3511234415883917,
          1.5
        ],
        [
          -0.6374239897486896,
          -0.2705452615928671,
          0.7214540309143124,
          3.082052971103157
        ],
        [
          0,
          0,
          0,
          1
        ]
      ],
      "sharpness": 1,
      "time": 0.36
    },
    {
      "file_path": "./images/frame_0037.png",
      "transform_matrix": [
        [
          -0.7289686274214114,
          0.24036053576305452,
          -0.6409614287014788,
          -2.738188423714755
        ],
        [
          0,
          0.9363291775690445,
          0.3511234415883917,
          1.5
        ],
        [
          -0.6845471059286887,
          -0.25595797327017206,
          0.6825545953871255,
          2.9158745096856458
        ],
        [
          0,
          0,
          0,
          1
        ]
      ],
      "sharpness": 1,
      "time": 0.37
    },
    {
      "file_path": "./images/frame_0038.png",
      "transform_matrix": [
        [
          -0.6845471059286888,
          0.255957973270172,
          -0.6825545953871254,
          -2.9158745096856453
        ],
        [
          0,
          0.9363291775690445,
          0.3511234415883917,
          1.5
        ],
        [
          -0.7289686274214113,
          -0.24036053576305455,
          0.6409614287014789,
          2.7381884237147553
        ],
        [
          0,
          0,
          0,
          1
        ]
      ],
      "sharpness": 1,
      "time": 0.38
    },
    {
      "file_path": "./images/frame_0039.png",
      "transform_matrix": [
        [
          -0.6374239897486897,
          0.27054526159286707,
          -0.7214540309143123,
          -3.0820529711031566
        ],
        [
          0,
          0.9363291775690445,
          0.3511234415883917,
          1.5
        ],
        [
          -0.7705132427757891,
          -0.22381450503156367,
          0.5968386800841698,
          2.5496959589947594
        ],
        [
          0,
          0,
          0,
          1
        ]
      ],
      "sharpness": 1,
      "time": 0.39
    },
    {
      "file_path": "./images/frame_0040.png",
      "transform_matrix": [
        [
          -0.5877852522924732,
          0.28406483136842803,
          -0.7575062169824748,
          -3.2360679774997894
        ],
        [
          0,
          0.9363291775690445,
          0.3511234415883917,
          1.5
        ],
        [
          -0.8090169943749473,
          -0.2063851806998343,
          0.5503604818662249,
          2.351141009169893
        ],
        [
          0,
          0,
          0,
          1
        ]
      ],
      "sharpness": 1,
      "time": 0.4
    },
    {
      "file_path": "./images/frame_0041.png",
      "transform_matrix": [
        [
          -0.535826794978997,
          0.29646332703145467,
          -0.7905688720838792,
          -3.3773117020080594
        ],
        [
          0,
          0.9363291775690445,
          0.3511234415883917,
          1.5
        ],
        [
          -0.8443279255020149,
          -0.18814134834830298,
          0.5017102622621413,
          2.143307179915988
        ],
        [
          0,
          0,
          0,
          1
        ]
      ],
      "sharpness": 1,
      "time": 0.41
    },
    {
      "file_path": "./images/frame_0042.png",
      "transform_matrix": [
        [
          -0.4817536741017156,
          0.3076918173838989,
          -0.8205115130237305,
          -3.5052267201754534
        ],
        [
          0,
          0.9363291775690445,
          0.3511234415883917,
          1.5
        ],
        [
          -0.8763066800438634,
          -0.16915500804844683,
          0.4510800214625249,
          1.9270146964068624
        ],
        [
          0,
          0,
          0,
          1
        ]
      ],
      "sharpness": 1,
      "time": 0.42
    },
    {
      "file_path": "./images/frame_0043.png",
      "transform_matrix": [
        [
          -0.425779291565073,
          0.317705988704149,
          -0.8472159698777306,
          -3.6193082098640774
        ],
        [
          0,
          0.9363291775690447,
          0.3511234415883917,
          1.5
        ],
        [
          -0.9048270524660195,
          -0.1495010902113957,
          0.39866957389705515,
          1.7031171662602915
        ],
        [
          0,
          0,
          0,
          1
        ]
      ],
      "sharpness": 1,
      "time": 0.43
    },
    {
      "file_path": "./images/frame_0044.png",
      "transform_matrix": [
        [
          -0.36812455268467814,
          0.3264663196330435,
          -0.8705768523547828,
          -3.7191059435530054
        ],
        [
          0,
          0.9363291775690445,
          0.3511234415883917,
          1.5
        ],
        [
          -0.9297764858882512,
          -0.12925715987183142,
          0.34468575965821713,
          1.4724982107387126
        ],
        [
          0,
          0,
          0,
          1
        ]
      ],
      "sharpness": 1,
      "time": 0.44
    },
    {
      "file_path": "./images/frame_0045.png",
      "transform_matrix": [
        [
          -0.3090169943749475,
          0.33393823714662063,
          -0.8905019657243217,
          -3.804226065180614
        ],
        [
          0,
          0.9363291775690445,
          0.3511234415883917,
          1.5
        ],
        [
          -0.9510565162951535,
          -0.10850311057423224,
          0.28934162819795267,
          1.23606797749979
        ],
        [
          0,
          0,
          0,
          1
        ]
      ],
      "sharpness": 1,
      "time": 0.45
    },
    {
      "file_path": "./images/frame_0046.png",
      "transform_matrix": [
        [
          -0.24868988716485482,
          0.3400922530000487,
          -0.9069126746667966,
          -3.8743326445145243
        ],
        [
          0,
          0.9363291775690445,
          0.3511234415883917,
          1.5
        ],
        [
          -0.9685831611286311,
          -0.08732084906955262,
          0.23285559751880702,
          0.9947595486594193
        ],
        [
          0,
          0,
          0,
          1
        ]
      ],
      "sharpness": 1,
      "time": 0.46
    },
    {
      "file_path": "./images/frame_0047.png",
      "transform_matrix": [
        [
          -0.18738131458572502,
          0.34490408010425655,
          -0.919744213611351,
          -3.9291490029147544
        ],
        [
          0,
          0.9363291775690447,
          0.3511234415883917,
          1.5
        ],
        [
          -0.9822872507286886,
          -0.06579397206669686,
          0.17545059217785833,
          0.7495252583429001
        ],
        [
          0,
          0,
          0,
          1
        ]
      ],
      "sharpness": 1,
      "time": 0.47
    },
    {
      "file_path": "./images/frame_0048.png",
      "transform_matrix": [
        [
          -0.12533323356430454,
          0.34835472837597875,
          -0.9289459423359433,
          -3.968458805257911
        ],
        [
          0,
          0.9363291775690447,
          0.3511234415883917,
          1.5
        ],
        [
          -0.9921147013144779,
          -0.04400743631450034,
          0.11735316350533424,
          0.5013329342572181
        ],
        [
          0,
          0,
          0,
          1
        ]
      ],
      "sharpness": 1,
      "time": 0.48
    },
    {
      "file_path": "./images/frame_0049.png",
      "transform_matrix": [
        [
          -0.06279051952931358,
          0.35043057968293784,
          -0.9344815458211677,
          -3.9921069137130862
        ],
        [
          0,
          0.9363291775690445,
          0.3511234415883917,
          1.5
        ],
        [
          -0.9980267284282714,
          -0.022047223316255707,
          0.05879259551001522,
          0.25116207811725433
        ],
        [
          0,
          0,
          0,
          1
        ]
      ],
      "sharpness": 1,
      "time": 0.49
    },
    {
      "file_path": "./images/frame_0050.png",
      "transform_matrix": [
        [
          -1.2246467991473532e-16,
          0.3511234415883917,
          -0.9363291775690445,
          -4
        ],
        [
          0,
          0.9363291775690445,
          0.3511234415883917,
          1.5
        ],
        [
          -1,
          -4.3000219884682655e-17,
          1.1466725302582041e-16,
          4.898587196589413e-16
        ],
        [
          0,
          0,
          0,
          1
        ]
      ],
      "sharpness": 1,
      "time": 0.5
    },
    {
      "file_path": "./images/frame_0051.png",
      "transform_matrix": [
        [
          0.06279051952931335,
          0.35043057968293784,
          -0.9344815458211677,
          -3.9921069137130862
        ],
        [
          0,
          0.9363291775690444,
          0.3511234415883917,
          1.5
        ],
        [
          -0.9980267284282714,
          0.022047223316255624,
          -0.058792595510015,
          -0.2511620781172534
        ],
        [
          0,
          0,
          0,
          1
        ]
      ],
      "sharpness": 1,
      "time": 0.51
    },
    {
      "file_path": "./images/frame_0052.png",
      "transform_matrix": [
        [
          0.12533323356430429,
          0.34835472837597875,
          -0.9289459423359434,
          -3.9684588052579115
        ],
        [
          0,
          0.9363291775690447,
          0.3511234415883917,
          1.5
        ],
        [
          -0.9921147013144779,
          0.04400743631450025,
          -0.11735316350533401,
          -0.5013329342572171
        ],
        [
          0,
          0,
          0,
          1
        ]
      ],
      "sharpness": 1,
      "time": 0.52
    },
    {
      "file_path": "./images/frame_0053.png",
      "transform_matrix": [
        [
          0.18738131458572477,
          0.34490408010425655,
          -0.919744213611351,
          -3.9291490029147544
        ],
        [
          0,
          0.9363291775690445,
          0.3511234415883917,
          1.5
        ],
        [
          -0.9822872507286886,
          0.06579397206669678,
          -0.1754505921778581,
          -0.7495252583428991
        ],
        [
          0,
          0,
          0,
          1
        ]
      ],
      "sharpness": 1,
      "time": 0.53
    },
    {
      "file_path": "./images/frame_0054.png",
      "transform_matrix": [
        [
          0.248689887164855,
          0.3400922530000487,
          -0.9069126746667966,
          -3.8743326445145243
        ],
        [
          0,
          0.9363291775690447,
          0.3511234415883917,
          1.5
        ],
        [
          -0.9685831611286311,
          0.08732084906955269,
          -0.2328555975188072,
          -0.9947595486594201
        ],
        [
          0,
          0,
          0,
          1
        ]
      ],
      "sharpness": 1,
      "time": 0.54
    },
    {
      "file_path": "./images/frame_0055.png",
      "transform_matrix": [
        [
          0.30901699437494773,
          0.3339382371466206,
          -0.8905019657243216,
          -3.804226065180614
        ],
        [
          0,
          0.9363291775690445,
          0.35112344158839165,
          1.5
        ],
        [
          -0.9510565162951535,
          0.10850311057423231,
          -0.28934162819795284,
          -1.236067977499791
        ],
        [
          0,
          0,
          0,
          1
        ]
      ],
      "sharpness": 1,
      "time": 0.55
    },
    {
      "file_path": "./images/frame_0056.png",
      "transform_matrix": [
        [
          0.3681245526846783,
          0.32646631963304346,
          -0.8705768523547827,
          -3.719105943553005
        ],
        [
          0,
          0.9363291775690444,
          0.3511234415883917,
          1.5
        ],
        [
          -0.9297764858882511,
          0.12925715987183148,
          -0.3446857596582173,
          -1.4724982107387132
        ],
        [
          0,
          0,
          0,
          1
        ]
      ],
      "sharpness": 1,
      "time": 0.56
    },
    {
      "file_path": "./images/frame_0057.png",
      "transform_matrix": [
        [
          0.4257792915650722,
          0.31770598870414907,
          -0.847215969877731,
          -3.6193082098640788
        ],
        [
          0,
          0.9363291775690444,
          0.3511234415883917,
          1.5
        ],
        [
          -0.9048270524660196,
          0.14950109021139543,
          -0.39866957389705454,
          -1.703117166260289
        ],
        [
          0,
          0,
          0,
          1
        ]
      ],
      "sharpness": 1,
      "time": 0.57
    },
    {
      "file_path": "./images/frame_0058.png",
      "transform_matrix": [
        [
          0.48175367410171505,
          0.30769181738389906,
          -0.8205115130237308,
          -3.505226720175455
        ],
        [
          0,
          0.9363291775690447,
          0.3511234415883917,
          1.5
        ],
        [
          -0.8763066800438638,
          0.16915500804844663,
          -0.45108002146252435,
          -1.92701469640686
        ],
        [
          0,
          0,
          0,
          1
        ]
      ],
      "sharpness": 1,
      "time": 0.58
    },
    {
      "file_path": "./images/frame_0059.png",
      "transform_matrix": [
        [
          0.5358267949789964,
          0.29646332703145484,
          -0.7905688720838794,
          -3.3773117020080607
        ],
        [
          0,
          0.9363291775690445,
          0.3511234415883917,
          1.5
        ],
        [
          -0.8443279255020153,
          0.1881413483483028,
          -0.5017102622621408,
          -2.1433071799159857
        ],
        [
          0,
          0,
          0,
          1
        ]
      ],
      "sharpness": 1,
      "time": 0.59
    },
    {
      "file_path": "./images/frame_0060.png",
      "transform_matrix": [
        [
          0.587785252292473,
          0.2840648313684281,
          -0.757506216982475,
          -3.2360679774997902
        ],
        [
          0,
          0.9363291775690445,
          0.3511234415883917,
          1.5
        ],
        [
          -0.8090169943749475,
          0.20638518069983425,
          -0.5503604818662247,
          -2.351141009169892
        ],
        [
          0,
          0,
          0,
          1
        ]
      ],
      "sharpness": 1,
      "time": 0.6
    },
    {
      "file_path": "./images/frame_0061.png",
      "transform_matrix": [
        [
          0.6374239897486896,
          0.2705452615928672,
          -0.7214540309143124,
          -3.082052971103157
        ],
        [
          0,
          0.9363291775690445,
          0.3511234415883917,
          1.5
        ],
        [
          -0.7705132427757894,
          0.2238145050315636,
          -0.5968386800841696,
          -2.5496959589947585
        ],
        [
          0,
          0,
          0,
          1
        ]
      ],
      "sharpness": 1,
      "time": 0.61
    },
    {
      "file_path": "./images/frame_0062.png",
      "transform_matrix": [
        [
          0.6845471059286886,
          0.25595797327017206,
          -0.6825545953871256,
          -2.915874509685646
        ],
        [
          0,
          0.9363291775690445,
          0.3511234415883917,
          1.5
        ],
        [
          -0.7289686274214114,
          0.2403605357630545,
          -0.6409614287014788,
          -2.738188423714755
        ],
        [
          0,
          0,
          0,
          1
        ]
      ],
      "sharpness": 1,
      "time": 0.62
    },
    {
      "file_path": "./images/frame_0063.png",
      "transform_matrix": [
        [
          0.7289686274214113,
          0.2403605357630546,
          -0.640961428701479,
          -2.738188423714756
        ],
        [
          0,
          0.9363291775690448,
          0.3511234415883917,
          1.5
        ],
        [
          -0.684547105928689,
          0.255957973270172,
          -0.6825545953871254,
          -2.9158745096856453
        ],
        [
          0,
          0,
          0,
          1
        ]
      ],
      "sharpness": 1,
      "time": 0.63
    },
    {
      "file_path": "./images/frame_0064.png",
      "transform_matrix": [
        [
          0.7705132427757894,
          0.22381450503156358,
          -0.5968386800841696,
          -2.549695958994758
        ],
        [
          0,
          0.9363291775690445,
          0.3511234415883917,
          1.5
        ],
        [
          -0.6374239897486895,
          0.2705452615928672,
          -0.7214540309143125,
          -3.0820529711031575
        ],
        [
          0,
          0,
          0,
          1
        ]
      ],
      "sharpness": 1,
      "time": 0.64
    },
    {
      "file_path": "./images/frame_0065.png",
      "transform_matrix": [
        [
          0.8090169943749473,
          0.2063851806998343,
          -0.5503604818662249,
          -2.351141009169893
        ],
        [
          0,
          0.9363291775690445,
          0.3511234415883917,
          1.5
        ],
        [
          -0.5877852522924732,
          0.28406483136842803,
          -0.7575062169824748,
          -3.2360679774997894
        ],
        [
          0,
          0,
          0,
          1
        ]
      ],
      "sharpness": 1,
      "time": 0.65
    },
    {
      "file_path": "./images/frame_0066.png",
      "transform_matrix": [
        [
          0.8443279255020152,
          0.1881413483483027,
          -0.5017102622621407,
          -2.1433071799159853
        ],
        [
          0,
